BlueNexus
1
0.25 0 2.5
270 90 0
1 1 1
<end>
RedNexus
1
9.75 0.013 2.5
270 270 0
1 1 1
<end>
BlueTower
6
2.116 0 0.8278787
270 9.999989 0
1 1 1
2.116 0 4.172121
270 170 0
1 1 1
4.104 0 0.8278787
270 170 0
1 1 1
4.104 0 4.172121
270 10 0
1 1 1
0.5120001 0 2.253
270 128.543 0
1.000001 1 1
0.5120001 0 2.747
270 51.44135 0
1 1 1
<end>
RedTower
6
7.884 0 0.827879
270 350 0
1 1 1
7.884 0 4.172121
270 190 0
1 1 1
5.896 0 4.172121
270 350 0
1 1 1
5.896 0 0.827879
270 190 0
1 1 1
9.488 0 2.253
270 218.543 0
1 1 1
9.488 0 2.747
270 321.4695 0
0.9999999 0.9999998 0.9999999
<end>
