BlueUp
12
0.335 0.05 2.787
0 0 0
0.01 0.1 0.01
0.527 0.05 2.994
0 0 0
0.01 0.09999999 0.01
1.225 0.05 3.744
0 0 0
0.01 0.09999999 0.01
2.158 0.05 3.969
0 0 0
0.01 0.09999999 0.01
3.87 0.05 4.351
0 0 0
0.01 0.09999999 0.01
5.421 0.05 4.368
0 0 0
0.01 0.09999999 0.01
5.867 0.05 4.393
0 0 0
0.01 0.09999999 0.01
7.036 0.05 4.198
0 0 0
0.01 0.09999999 0.01
7.833 0.05 3.957
0 0 0
0.01 0.09999999 0.01
8.529 0.05 3.889
0 0 0
0.01 0.09999999 0.01
9.313 0.05 3.253
0 0 0
0.01 0.09999999 0.01
9.669 0.05 2.739
0 0 0
0.01 0.09999999 0.01
<end>
BlueDown
12
0.335 0.05 2.238
0 0 0
0.01 0.1 0.01
0.527 0.05 2.073
0 0 0
0.01 0.09999999 0.01
1.226 0.05 1.279
0 0 0
0.01 0.09999999 0.01
2.119 0.05 0.954
0 0 0
0.01 0.09999999 0.01
4.09 0.05 0.677
0 0 0
0.01 0.09999999 0.01
5.368 0.05 0.733
0 0 0
0.01 0.09999999 0.01
5.901 0.05 0.669
0 0 0
0.01 0.09999999 0.01
7.021 0.05 0.836
0 0 0
0.01 0.09999999 0.01
7.843 0.05 1.024
0 0 0
0.01 0.09999999 0.01
8.517 0.05 1.111
0 0 0
0.01 0.09999999 0.01
9.251 0.05 1.734
0 0 0
0.01 0.09999999 0.01
9.663 0.05 2.254
0 0 0
0.01 0.09999999 0.01
<end>
RedUp
12
9.669 0.05 2.739
0 0 0
0.01 0.09999999 0.01
9.313 0.05 3.253
0 0 0
0.01 0.09999999 0.01
8.771 0.05 3.712
0 0 0
0.01 0.09999999 0.01
7.833 0.05 3.957
0 0 0
0.01 0.09999999 0.01
5.867 0.05 4.393
0 0 0
0.01 0.09999999 0.01
4.629 0.05 4.348
0 0 0
0.01 0.09999999 0.01
3.812 0.05 4.315
0 0 0
0.01 0.09999999 0.01
2.957 0.05 4.174
0 0 0
0.01 0.09999999 0.01
2.164 0.05 3.971
0 0 0
0.01 0.09999999 0.01
1.352 0.05 3.797
0 0 0
0.01 0.09999999 0.01
0.728 0.05 3.284
0 0 0
0.01 0.09999999 0.01
0.335 0.05 2.787
0 0 0
0.01 0.1 0.01
<end>
RedDown
12
9.663 0.05 2.254
0 0 0
0.01 0.09999999 0.01
8.781 0.05 1.314
0 0 0
0.01 0.09999999 0.01
8.517 0.05 1.111
0 0 0
0.01 0.1 0.01
7.843 0.05 1.024
0 0 0
0.01 0.09999999 0.01
6.312 0.05 0.747
0 0 0
0.01 0.09999999 0.01
5.901 0.05 0.669
0 0 0
0.01 0.09999999 0.01
4.552 0.05 0.718
0 0 0
0.01 0.09999999 0.01
4.09 0.05 0.677
0 0 0
0.01 0.09999999 0.01
2.884 0.05 0.84
0 0 0
0.01 0.09999999 0.01
1.492 0.05 1.134
0 0 0
0.01 0.09999999 0.01
0.764 0.05 1.756
0 0 0
0.01 0.09999999 0.01
0.335 0.05 2.238
0 0 0
0.01 0.1 0.01
<end>
