Loyde
20
3.69 1.192093E-07 3.417
270.0685 2.538012 0
1 1 1
3.471 1.192093E-07 3.3
271.7108 55.83934 216.7224
1.000001 1 1
3.546 1.192093E-07 3.436
271.2101 65.59841 251.1625
1 1 1
6.310024 -1.192093E-07 1.582992
270.0713 175.1214 0
1.000001 1 1
6.529 -1.192093E-07 1.700027
271.711 235.8309 207.1581
1.000001 1 1.000001
6.454233 -1.192093E-07 1.563947
271.2098 245.5929 266.0944
1 1 1
2.995872 -1.192093E-07 1.552231
272.1571 54.39986 154.7508
1 1 1
3.244 -1.192093E-07 1.559
271.0602 359.4771 119.6054
1.000001 1 1
3.116195 -1.192093E-07 1.470879
271.4149 19.6608 143.6224
1 1 1
7.007672 1.192093E-07 3.450545
272.1571 234.4604 154.7517
1 1 1
6.755633 1.192093E-07 3.443231
271.0605 179.2356 119.602
1 1 1
6.883741 1.192093E-07 3.529606
271.415 19.66069 5.626948
1 1 1
8.568 2.980232E-08 2.718
271.4149 228.7801 5.625433
1 1 1
8.567849 -2.980232E-08 2.28
271.4149 323.2973 5.627423
1 1 1
1.598332 4.470348E-08 2.718065
271.415 137.5014 5.627604
1 1 1
1.598281 -4.470348E-08 2.280335
271.4153 60.58618 5.628433
1 1 1
1.787672 1.490116E-08 2.656863
271.4151 76.49612 5.625813
1.000001 1.000001 1.000001
1.787636 -1.490116E-08 2.340357
271.4147 94.15286 5.628006
1.000001 1.000001 1.000001
8.34726 1.490116E-08 2.656735
271.415 291.3431 5.625494
1.000001 1.000001 1.000001
8.346984 0.0002211928 2.335326
275.2668 348.7258 274.073
1.000001 1.000001 1.000001
<end>
Golem
1
5 0.1100001 2.5
270 180 0
1 1 1
<end>
