Eraser
15
0.8099999 0 2.27
270 290.434 0
1 1 1
1.433986 0.07826025 1.387301
0.9087073 31.31079 354.878
1 1 1
1.839833 0.09854828 1.243889
3.460898 7.607341 348.0444
0.9999999 1 0.9999999
0.8099999 0 2.73
270 69.56591 0
1 1 1
2.909146 -1.702458E-05 3.909845
270.509 79.70322 89.99969
1 1 1
3.237499 0.08899783 4.438316
359.9135 353.9196 358.854
1 1 1
3.708669 0.08601395 4.486794
359.925 356.0608 359.7609
1 1 1
3.446 0.135 4.58
270 355.822 0
1 1 1
2.378407 0.139 4.40444
6.670107E-09 4.636131 359.761
1 1 1
9.190001 0 2.27
270 69.56599 0
1 1 1
8.473 0.06 1.55
0.3190388 146.8965 353.3942
1 1 1
8.095 0.09854828 1.390913
3.460879 175.3565 348.0444
1 1 1
9.190001 0 2.73
270 290.434 0
1 1 1
7.09 0 3.91
270 9.702985 0
1 1 1
6.83 0.041 4.685
270 98.39475 0
1 1.000001 1
<end>
Duck
2
3.603 0 2.207
270 140.9996 0
1 1 1
6.397 0 2.793
270 219 0
1 1 1
<end>
KeumWonBo
2
2.624 0.07649434 2.87
270 0 0
1 1 1
7.376 0.07649434 2.13
270 0 0
1 1 1
<end>
Pencil Case
9
4.072 -0.000970237 1.028
270 270 0
1.000486 1.004105 1.003852
1.616737 -0.000970237 3.521922
270.8643 345.5256 82.31996
0.9999999 1 1
4.348 -0.000970237 3.972
270 270 0
1.00049 1.00411 1.00385
4.348 -0.001000039 4.638
270 270 0
1.00049 1.00411 1.00385
5.652 -0.000970237 1.028
270 90 0
1 1 1
8.383263 -0.000970237 3.521922
270.8636 30.52561 82.3194
1 1 1
5.928 -0.000970237 3.972
270 270 0
1.00049 1.00411 1.00385
5.969033 -0.0009974167 4.652959
270 270.265 0
1.00049 1.004111 1.00385
8.056 -0.001999967 0.3510001
271.4505 150.9721 199.0688
1.000491 1.004111 1.003851
<end>
NailClipper
8
0.9299998 0.01816741 1.814
270 56.99999 0
1 1 1
1.28 0.067 0.926
2.223702E-06 118.4864 180
0.9999999 1 0.9999999
0.9299998 0.01816741 3.173
270 303 0
1 1 1
2.929 0.07152116 4.397
0 354.3327 0
1 1 1
9.07 0.022 1.827
272.424 351.3986 135.1718
1 1 0.9999999
9.07 0.01816741 3.173
270 237 0
1 1 1
7.703 0.166 4.562
358.1751 234.3996 180.0946
1 0.9999999 0.9999998
0.171 0.01 3.383
270 181.8304 0
1 1 1
<end>
BlueHeadSet
1
1.635 0.112 2.5
5.635997 270 0
1 1 1
<end>
ShortPencil
5
3.038421 0.194 1.829613
20.30238 216.487 1.906095
1 0.9999999 1
2.097 0.046 1.263
0 104.193 0
0.9999999 1 0.9999999
2.6 0.04 1.14
-0.002032158 99.45188 359.901
1 1 1
3.899137 0.184 3.27243
20.88039 345.4071 -8.224066E-06
1 0.9999999 1
9.573 0.061 3.316
0 73.23311 0
1 0.9999999 1
<end>
LongPencil
3
3.945 0.05999999 3.255
6.410389E-07 255.4072 -4.403794E-08
1 1 1
3.014932 0.06294228 1.869472
0 125.854 10.60399
1 1 1
2.665 0.055 3.854
349.4814 259.9821 -2.605097E-06
1 0.9999999 1
<end>
PaperCup
7
4.31 0 2.7
270 0 0
1 1 1
4.31 0.28 2.45
90 0 0
1 1 1
4.88 0 1.81
270 0 0
1 1 1
4.88 0.28 3.19
90 0 0
1 1 1
4.606 0 1
270 0 0
1 1 1
3.826 0 3.987
270 0 0
1 1 1
4.876 0 4.645
270 0 0
1 1 1
<end>
RedHeadSet
1
8.4 0.112 2.5
5.636415 90 0
1 1 1
<end>
PenCover
4
7.301964 0.075 3.440398
281.8076 37.45304 -7.510257E-05
1 1 1
6.126073 0.073 1.293442
282.4531 166.5981 -7.324565E-05
1.000001 1 1
7.357994 0.05216443 1.162846
271.0598 225.8068 215.6443
1 1 1
7.126 0.07499991 4.427
90 17.89862 0
1 1 1
<end>
Pen
4
7.02149 0.04999841 3.007193
278.1452 306.8253 90.43325
1 1 1
5.967304 0.04999841 1.783894
278.1452 75.97031 90.43327
0.9999999 1 0.9999999
7.869 0.061 1.254
71.02412 202.8331 210.9938
1 1 1
7.335 0.055 3.854
70.56702 101.268 271.28
1.000001 1 1
<end>
Dice
9
5.69 0.144 2.698
323.175 0 180
1 1 1
5.69 0.109 2.436
0 0 0
1 1 1
5.12 0.095 3.19
0 0 90
1 1 1
5.12 0.1074 1.81
0 270 270
1 1 1
8.131 0.095 4.291
3.415095E-06 290.4107 270
1 1 1
8.155 0.313 4.386
0 321.3882 180
1 1 1
6.198 0.1104 1.013
270.8671 280.2598 139.7785
1 1 1
5.394 0.095 4
0.01120696 7.791768 179.8208
1 1 1
8.213 0.095 4.509
0 290.411 180
1 1 1
<end>
Book1
5
1.321943 0.03010089 0.6967672
0.01620078 107.4146 179.3479
1.35287 1.249054 1.463404
2.012366 0.08131956 0.4683775
3.326885 99.29391 358.4061
1.35287 1.249054 1.463404
2.734 0.087 0.342
2.618963 95.77016 358.2514
1.35287 1.249054 1.463404
5.882 0.154 0.222
8.787263 85.82492 358.6517
1.35287 1.249054 1.463404
7.127 0.029 0.329
359.804 81.171 180
1.35287 1.249054 1.463404
<end>
Book2
10
1.225996 0.1489833 4.195
13.97362 76.12503 1.105901
1 1 1
9.178003 0.03008249 1.152601
355.239 50.50909 358.5631
1 1 1
9.940156 0.04052299 1.546233
1.856625 297.1077 359.7198
1 1 1
0.215952 0.0002708733 3.167216
272.5713 223.5513 331.6277
1 1 1
9.793 0 3.159021
270.6588 176.0883 345.5448
1.000001 1 1
0.06736946 0.03207666 1.53906
359.9939 61.03824 0.03532684
1 1 1
0.717 0.093 1.462
6.843003 232.5588 178.7611
0.9999999 1 1
6.629 0.522 4.728
90 106.337 0
1 1 1
4.449 0.03210482 0.3110001
0 90 0
1 1 1
6.575 0.522 4.744
90 106.337 0
1.000001 1 1
<end>
Book3
7
8.798 0.2 4.177
16.45201 288.58 174.975
1 3.000002 1
5.02 0.067 0.3069999
0 90 0
1 3 1
5.55 0.075 4.749
0.1342086 270.9547 0.003674372
1 3 1
7.99915 0.07479388 4.448184
0.6154341 280.2919 180
1 3.000001 1
8.694 0.066 0.745
0.5130646 248.3358 359.2821
1 3 1
9.172846 0.05098302 1.109063
355.5801 233.8429 180
1 3.000002 1
1.170508 0.0569823 0.8368098
-5.336086E-07 302.0978 177.7022
1 3.000001 1
<end>
Book4
22
6.707 0.55 4.671
90 106.3365 0
1 2 1
7.01366 0.05101526 4.607278
293.0024 286.443 177.9674
1 2 1
6.4688 -0.0115127 4.725646
270.5051 106.3373 -0.0007734638
1 2 1
9.124 0.248 4.009
23.64817 296.2069 358.984
1 2 1
9.547944 0.1534636 3.695227
1.135517 305.8416 358.862
1 2 1
9.076 0.054 3.945
0.310051 115.6184 358.5244
1 2 1
9.673 0.007 3.526
292.7607 156.5091 6.12991
1 2 1
9.769 0 3.245
271.2311 156.2141 5.752425
1.000001 2 1
6.852579 0.05698319 0.5834786
359.9869 173.7998 359.8664
1 2 1
5.790954 0.05700504 0.5250301
0.001214123 178.2071 358.8983
1 2 1
2.103 0.059 4.487
1.027157 82.25406 0.08628388
0.9999999 2 0.9999999
2.006376 0.03550085 4.447834
270.7669 256.0154 180.0003
1 2 1
0.8649876 0.154057 4.013008
0.8535055 231.4256 180.9703
1 2.000002 1
0.3940001 0.06042954 3.697
1.282221 61.69761 359.0296
1 2 1
1.892252 0.03549826 4.409813
270.7386 256.0156 180
0.9999999 2 1
0.2934961 0.02201739 3.526986
292.6151 195.382 179.7537
1 2 1
4.21 0.057 0.523
0 179.923 180
1 2.000001 1
1.792886 0.0355731 4.350709
271.565 256.0157 180
1 2.000001 1
0.874 0.245 4.01
23.64816 65.9914 358.984
1 2 1
3.759302 0.057 0.5368826
0 181.7457 0
1 2 1
7.41389 0.0530556 4.54709
326.8709 278.7591 1.041683
1 2 1
0.231124 0.0001271069 3.246843
271.7921 195.155 180
1 2.000001 1
<end>
